41
NULL 0 NULL 0
Z 5 0,255,0,255,0,32767,0,32767,0,32767 NULL -1 0 0 	# Z [5a ]A
E 5 0,255,0,255,0,32767,0,32767,0,32767 NULL -1 0 0 	# E [45 ]A
M 5 0,255,0,255,0,32767,0,32767,0,32767 NULL -1 0 0 	# M [4d ]A
I 5 0,255,0,255,0,32767,0,32767,0,32767 NULL -1 0 0 	# I [49 ]A
A 5 0,255,0,255,0,32767,0,32767,0,32767 NULL -1 0 0 	# A [41 ]A
L 5 0,255,0,255,0,32767,0,32767,0,32767 NULL -1 0 0 	# L [4c ]A
R 5 0,255,0,255,0,32767,0,32767,0,32767 NULL -1 0 0 	# R [52 ]A
G 5 0,255,0,255,0,32767,0,32767,0,32767 NULL -1 0 0 	# G [47 ]A
O 5 0,255,0,255,0,32767,0,32767,0,32767 NULL -1 0 0 	# O [4f ]A
C 5 0,255,0,255,0,32767,0,32767,0,32767 NULL -1 0 0 	# C [43 ]A
K 5 0,255,0,255,0,32767,0,32767,0,32767 NULL -1 0 0 	# K [4b ]A
J 5 0,255,0,255,0,32767,0,32767,0,32767 NULL -1 0 0 	# J [4a ]A
Y 5 0,255,0,255,0,32767,0,32767,0,32767 NULL -1 0 0 	# Y [59 ]A
U 5 0,255,0,255,0,32767,0,32767,0,32767 NULL -1 0 0 	# U [55 ]A
D 5 0,255,0,255,0,32767,0,32767,0,32767 NULL -1 0 0 	# D [44 ]A
N 5 0,255,0,255,0,32767,0,32767,0,32767 NULL -1 0 0 	# N [4e ]A
V 5 0,255,0,255,0,32767,0,32767,0,32767 NULL -1 0 0 	# V [56 ]A
1 8 0,255,0,255,0,32767,0,32767,0,32767 NULL 18 0 0 	# 1 [31 ]0
6 8 0,255,0,255,0,32767,0,32767,0,32767 NULL 19 0 0 	# 6 [36 ]0
H 5 0,255,0,255,0,32767,0,32767,0,32767 NULL -1 0 0 	# H [48 ]A
B 5 0,255,0,255,0,32767,0,32767,0,32767 NULL -1 0 0 	# B [42 ]A
T 5 0,255,0,255,0,32767,0,32767,0,32767 NULL -1 0 0 	# T [54 ]A
S 5 0,255,0,255,0,32767,0,32767,0,32767 NULL -1 0 0 	# S [53 ]A
P 5 0,255,0,255,0,32767,0,32767,0,32767 NULL -1 0 0 	# P [50 ]A
F 5 0,255,0,255,0,32767,0,32767,0,32767 NULL -1 0 0 	# F [46 ]A
W 5 0,255,0,255,0,32767,0,32767,0,32767 NULL -1 0 0 	# W [57 ]A
X 5 0,255,0,255,0,32767,0,32767,0,32767 NULL -1 0 0 	# X [58 ]A
2 8 0,255,0,255,0,32767,0,32767,0,32767 NULL 28 0 0 	# 2 [32 ]0
Q 5 0,255,0,255,0,32767,0,32767,0,32767 NULL -1 0 0 	# Q [51 ]A
( 10 0,255,0,255,0,32767,0,32767,0,32767 NULL 30 0 0 	# ( [28 ]p
) 10 0,255,0,255,0,32767,0,32767,0,32767 NULL 31 0 0 	# ) [29 ]p
4 8 0,255,0,255,0,32767,0,32767,0,32767 NULL 32 0 0 	# 4 [34 ]0
3 8 0,255,0,255,0,32767,0,32767,0,32767 NULL 33 0 0 	# 3 [33 ]0
8 8 0,255,0,255,0,32767,0,32767,0,32767 NULL 34 0 0 	# 8 [38 ]0
0 8 0,255,0,255,0,32767,0,32767,0,32767 NULL 35 0 0 	# 0 [30 ]0
7 8 0,255,0,255,0,32767,0,32767,0,32767 NULL 36 0 0 	# 7 [37 ]0
/ 10 0,255,0,255,0,32767,0,32767,0,32767 NULL 37 0 0 	# / [2f ]p
[ 10 0,255,0,255,0,32767,0,32767,0,32767 NULL 38 0 0 	# [ [5b ]p
] 10 0,255,0,255,0,32767,0,32767,0,32767 NULL 39 0 0 	# ] [5d ]p
9 8 0,255,0,255,0,32767,0,32767,0,32767 NULL 40 0 0 	# 9 [39 ]0
